-41.873981 -28.105095 135.830200
-40.150955 -28.105095 135.830200
-34.981873 -28.105095 135.830200
-32.694485 -27.628183 133.525330
-26.619375 -26.633904 128.720032
-23.315569 -26.590406 128.509811
-21.720875 -26.633904 128.720032
-20.055235 -26.590406 128.509811
-18.425068 -26.590406 128.509811
-16.794901 -26.590406 128.509811
-15.164734 -26.590406 128.509811
-13.556706 -26.633904 128.720032
-11.884990 -26.547050 128.300278
-10.257481 -26.547050 128.300278
-8.629972 -26.547050 128.300278
-7.002462 -26.547050 128.300278
-5.348790 -26.417830 127.675758
-3.711138 -26.289862 127.057289
-2.116484 -26.503838 128.091431
-0.492426 -26.547050 128.300278
1.131394 -26.460764 127.883255
2.753613 -26.460764 127.883255
4.375832 -26.460764 127.883255
6.037298 -26.633904 128.720032
7.670131 -26.633904 128.720032
9.302965 -26.633904 128.720032
10.900137 -26.547050 128.300278
12.267619 -25.996033 125.637245
13.905752 -26.079311 126.039719
15.680398 -26.375036 127.468933
17.269386 -26.332380 127.262779
18.883736 -26.332380 127.262779
20.598022 -26.460764 127.883255
25.324083 -28.105095 135.830200
27.047112 -28.105095 135.830200
26.568750 -25.954594 125.436966
28.295254 -26.079311 126.039719
29.751125 -25.954594 125.436966
31.442558 -26.037605 125.838158
33.521297 -26.417830 127.675758
35.197994 -26.460764 127.883255
36.820213 -26.460764 127.883255
-40.680225 -25.629957 131.957901
-38.111553 -25.042034 128.930939
-37.521175 -25.759550 132.625122
-35.303291 -25.374643 130.643402
-34.682533 -26.156315 134.667908
-33.030777 -26.201157 134.898773
-31.373352 -26.246151 135.130432
-29.207779 -25.846678 133.073700
-27.017130 -25.374643 130.643402
-25.027483 -25.042034 128.930939
-23.353708 -25.001070 128.720032
-21.685402 -24.960239 128.509811
-20.055235 -24.960239 128.509811
-18.425068 -24.960239 128.509811
-16.822374 -25.001070 128.720032
-15.164734 -24.960239 128.509811
-13.534567 -24.960239 128.509811
-11.904399 -24.960239 128.509811
-10.274232 -24.960239 128.509811
-8.644065 -24.960239 128.509811
-6.991064 -24.878977 128.091431
-5.357483 -24.838545 127.883255
-3.741344 -24.878977 128.091431
-2.126871 -25.001070 128.720032
-0.490825 -24.838545 127.883255
1.131394 -24.838545 127.883255
2.758095 -24.878977 128.091431
4.390101 -24.919542 128.300278
6.037298 -25.001070 128.720032
7.670131 -25.001070 128.720032
9.333501 -25.083132 129.142532
10.794536 -24.678120 127.057289
12.267619 -24.402306 125.637245
13.950442 -24.559153 126.444786
15.554414 -24.559153 126.444786
17.241503 -24.678120 127.057289
19.006693 -24.878977 128.091431
20.766771 -25.042034 128.930939
23.399101 -26.156315 134.667908
25.324083 -26.382067 135.830200
26.484314 -24.285978 125.038322
28.204899 -24.402306 125.637245
29.751125 -24.363405 125.436966
31.342314 -24.363405 125.436966
33.144844 -24.519753 126.241928
35.027218 -24.718031 127.262779
36.464645 -24.598680 126.648300
-39.552643 -23.292034 128.300278
-34.726738 -23.330072 128.509811
-33.150711 -23.368237 128.720032
-31.517878 -23.368237 128.720032
-29.983137 -23.444939 129.142532
-28.817898 -23.836134 131.297363
-27.473257 -24.117830 132.849045
-26.051945 -24.364637 134.208527
-24.432833 -24.448032 134.667908
-21.899996 -23.560944 129.781525
-20.088041 -23.368237 128.720032
-18.425068 -23.330072 128.509811
-16.822374 -23.368237 128.720032
-15.189540 -23.368237 128.720032
-13.534567 -23.330072 128.509811
-11.904399 -23.330072 128.509811
-10.274232 -23.330072 128.509811
-8.644065 -23.330072 128.509811
-6.979702 -23.216326 127.883255
-5.348790 -23.178656 127.675758
-3.741344 -23.254118 128.091431
-2.123397 -23.330072 128.509811
-0.493230 -23.330072 128.509811
1.133235 -23.254118 128.091431
2.758095 -23.254118 128.091431
4.404464 -23.368237 128.720032
6.037298 -23.368237 128.720032
7.682699 -23.406525 128.930939
9.318208 -23.406525 128.930939
10.811994 -23.103683 127.262779
12.306918 -22.881645 126.039719
13.950442 -22.955181 126.444786
15.554414 -22.955181 126.444786
17.186003 -22.992128 126.648300
19.037683 -23.292034 128.300278
20.869354 -23.522148 129.567825
25.236958 -24.574202 135.362885
24.020300 -21.899473 120.629601
26.739250 -22.918354 126.241928
28.204899 -22.808577 125.637245
29.751125 -22.772219 125.436966
31.392355 -22.808577 125.637245
32.986084 -22.808577 125.637245
34.802078 -22.955181 126.444786
-36.416378 -21.735403 128.720032
-34.726738 -21.699905 128.509811
-33.150711 -21.735403 128.720032
-31.517878 -21.735403 128.720032
-29.885044 -21.735403 128.720032
-28.252209 -21.735403 128.720032
-26.619375 -21.735403 128.720032
-24.986542 -21.735403 128.720032
-23.901077 -22.244841 131.736984
-22.455536 -22.470556 133.073700
-20.732414 -22.432619 132.849045
-18.919437 -22.282145 131.957901
-16.961100 -21.914644 129.781525
-15.189540 -21.735403 128.720032
-13.556706 -21.735403 128.720032
-11.923873 -21.735403 128.720032
-10.274232 -21.699905 128.509811
-8.629972 -21.664524 128.300278
-6.979702 -21.594107 127.883255
-5.322880 -21.454636 127.057289
-3.693248 -21.351210 126.444786
-2.119935 -21.664524 128.300278
-0.491624 -21.629257 128.091431
1.133235 -21.629257 128.091431
2.762592 -21.664524 128.300278
4.404464 -21.735403 128.720032
6.037298 -21.735403 128.720032
7.670131 -21.735403 128.720032
9.302965 -21.735403 128.720032
10.847079 -21.559069 127.675758
12.426342 -21.489334 127.262779
14.040690 -21.489334 127.262779
15.731365 -21.594107 127.883255
17.297361 -21.524145 127.468933
19.099966 -21.735403 128.720032
21.325848 -22.357128 132.401978
23.837584 -20.214327 119.712006
26.653728 -21.248775 125.838158
28.204899 -21.214849 125.637245
29.846281 -21.248775 125.838158
31.392355 -21.214849 125.637245
32.933502 -21.181030 125.436966
34.746243 -21.316956 126.241928
36.231388 -21.248775 125.838158
-31.466404 -20.069738 128.509811
-29.885044 -20.102570 128.720032
-28.206070 -20.069738 128.509811
-26.575903 -20.069738 128.509811
-24.986542 -20.102570 128.720032
-23.353708 -20.102570 128.720032
-21.720875 -20.102570 128.720032
-20.153978 -20.168552 129.142532
-18.793375 -20.470922 131.078659
-17.274500 -20.642855 132.179565
-15.624026 -20.677589 132.401978
-13.921062 -20.642855 132.179565
-11.982677 -20.201708 129.354828
-10.274232 -20.069738 128.509811
-8.601921 -19.971888 127.883255
-6.968377 -19.939482 127.675758
-5.357483 -19.971888 127.883255
-3.741344 -20.004398 128.091431
-2.123397 -20.069738 128.509811
-0.492426 -20.037016 128.300278
1.135083 -20.037016 128.300278
2.771630 -20.102570 128.720032
4.404464 -20.102570 128.720032
6.037298 -20.102570 128.720032
7.670131 -20.102570 128.720032
9.287772 -20.069738 128.509811
10.811994 -19.874987 127.262779
12.366342 -19.779020 126.648300
14.040690 -19.874987 127.262779
15.554414 -19.747238 126.444786
17.241503 -19.842894 127.057289
19.068773 -20.069738 128.509811
20.732801 -20.102570 128.720032
22.365635 -20.102570 128.720032
24.094172 -18.897001 121.000587
26.568750 -19.589844 125.436966
28.159939 -19.589844 125.436966
29.798628 -19.621120 125.637245
31.342314 -19.589844 125.436966
32.986084 -19.621120 125.637245
34.690590 -19.683977 126.039719
36.173538 -19.621120 125.637245
-31.517878 -18.469734 128.720032
-29.885044 -18.469734 128.720032
-28.252209 -18.469734 128.720032
-26.575903 -18.439571 128.509811
-24.945736 -18.439571 128.509811
-23.353708 -18.469734 128.720032
-21.720875 -18.469734 128.720032
-20.088041 -18.469734 128.720032
-18.425068 -18.439571 128.509811
-16.794901 -18.439571 128.509811
-15.214428 -18.499998 128.930939
-13.967989 -19.030069 132.625122
-12.285619 -19.030069 132.625122
-10.567626 -18.966137 132.179565
-8.658205 -18.469734 128.720032
-7.002462 -18.409506 128.300278
-5.401374 -18.499998 128.930939
-3.860752 -18.966137 132.179565
-2.158651 -18.745716 130.643402
-0.491624 -18.379539 128.091431
1.135083 -18.409506 128.300278
2.771630 -18.469734 128.720032
4.404464 -18.469734 128.720032
6.037298 -18.469734 128.720032
7.670131 -18.469734 128.720032
9.227492 -18.319895 127.675758
10.725265 -18.114159 126.241928
12.287237 -18.056223 125.838158
13.928061 -18.114159 126.241928
15.504585 -18.085144 126.039719
17.048803 -18.027393 125.637245
18.762358 -18.143267 126.444786
20.732801 -18.469734 128.720032
23.959274 -18.439571 128.509811
24.318541 -17.523769 122.127365
26.568750 -17.998655 125.436966
28.250004 -18.056223 125.838158
29.751125 -17.998655 125.436966
31.342314 -17.998655 125.436966
33.038834 -18.056223 125.838158
34.690590 -18.085144 126.039719
36.173538 -18.027393 125.637245
-31.517878 -16.836901 128.720032
-29.885044 -16.836901 128.720032
-28.252209 -16.836901 128.720032
-26.619375 -16.836901 128.720032
-24.986542 -16.836901 128.720032
-23.353708 -16.836901 128.720032
-21.720875 -16.836901 128.720032
-20.088041 -16.836901 128.720032
-18.455208 -16.836901 128.720032
-16.794901 -16.809404 128.509811
-15.164734 -16.809404 128.509811
-13.556706 -16.836901 128.720032
-11.963012 -16.892166 129.142532
-10.291039 -16.836901 128.720032
-8.700905 -16.919935 129.354828
-7.238507 -17.347698 132.625122
-5.565517 -17.376986 132.849045
-3.880306 -17.376986 132.849045
-2.169457 -17.174023 131.297363
-0.493230 -16.809404 128.509811
1.136937 -16.809404 128.509811
2.771630 -16.836901 128.720032
4.404464 -16.836901 128.720032
6.037298 -16.836901 128.720032
7.657605 -16.809404 128.509811
9.153235 -16.565914 126.648300
10.673891 -16.433664 125.637245
12.267619 -16.433664 125.637245
13.861347 -16.433664 125.637245
15.529460 -16.512760 126.241928
17.021626 -16.407469 125.436966
18.612814 -16.407469 125.436966
18.360134 -14.910082 113.989273
19.777454 -14.888515 113.824387
21.221336 -14.888515 113.824387
24.740927 -16.252026 124.248581
26.568750 -16.407469 125.436966
28.159939 -16.407469 125.436966
29.751125 -16.407469 125.436966
31.392355 -16.433664 125.637245
33.091755 -16.486311 126.039719
34.635113 -16.459946 125.838158
-31.517878 -15.204068 128.720032
-29.885044 -15.204068 128.720032
-28.252209 -15.204068 128.720032
-26.619375 -15.204068 128.720032
-24.986542 -15.204068 128.720032
-23.315569 -15.179237 128.509811
-21.685402 -15.179237 128.509811
-20.055235 -15.179237 128.509811
-18.425068 -15.179237 128.509811
-16.822374 -15.204068 128.720032
-15.189540 -15.204068 128.720032
-13.556706 -15.204068 128.720032
-11.904399 -15.179237 128.509811
-10.240783 -15.129819 128.091431
-8.629972 -15.154488 128.300278
-7.025372 -15.204068 128.720032
-5.500512 -15.508496 131.297363
-3.860752 -15.612700 132.179565
-2.191396 -15.665328 132.625122
-0.508169 -15.638969 132.401978
1.169403 -15.612700 132.179565
2.803735 -15.380181 130.211029
4.418921 -15.253973 129.142532
6.047190 -15.228979 128.930939
7.645119 -15.154488 128.300278
9.153235 -14.959360 126.648300
10.690961 -14.863669 125.838158
12.248063 -14.816281 125.436966
13.928061 -14.911362 126.241928
15.504585 -14.887477 126.039719
16.994535 -14.792700 125.237328
18.292063 -14.560954 123.275330
19.670927 -14.425360 122.127365
19.777454 -13.444634 113.824387
25.057451 -14.863669 125.838158
26.611172 -14.839937 125.637245
28.159939 -14.816281 125.436966
29.751125 -14.816281 125.436966
31.594133 -14.935322 126.444786
33.091755 -14.887477 126.039719
34.635113 -14.863669 125.838158
-31.517878 -13.571234 128.720032
-29.885044 -13.571234 128.720032
-28.252209 -13.571234 128.720032
-26.619375 -13.571234 128.720032
-24.986542 -13.571234 128.720032
-23.315569 -13.549070 128.509811
-21.685402 -13.549070 128.509811
-20.088041 -13.571234 128.720032
-18.455208 -13.571234 128.720032
-16.822374 -13.571234 128.720032
-15.189540 -13.571234 128.720032
-13.534567 -13.549070 128.509811
-11.884990 -13.526978 128.300278
-10.240783 -13.504959 128.091431
-8.644065 -13.549070 128.509811
-7.025372 -13.571234 128.720032
-5.383731 -13.549070 128.509811
-3.753564 -13.549070 128.509811
-2.144410 -13.683149 129.781525
-0.506464 -13.912611 131.957901
1.169403 -13.935981 132.179565
2.850911 -13.959430 132.401978
4.530450 -13.959430 132.401978
6.199559 -13.935981 132.179565
7.657605 -13.549070 128.509811
9.272629 -13.526978 128.300278
11.173408 -13.866105 131.516815
12.714219 -13.728435 130.211029
13.972896 -13.352807 126.648300
15.479791 -13.267392 125.838158
16.913778 -13.141299 124.642197
18.292063 -12.997188 123.275330
19.806105 -12.018139 113.989273
23.842461 -13.483011 127.883255
25.097588 -13.288644 126.039719
26.611172 -13.246209 125.637245
28.159939 -13.225094 125.436966
29.846281 -13.267392 125.838158
31.644983 -13.352807 126.648300
33.038834 -13.267392 125.838158
34.746243 -13.309962 126.241928
-29.885044 -11.938400 128.720032
-28.252209 -11.938400 128.720032
-26.619375 -11.938400 128.720032
-24.945736 -11.918903 128.509811
-23.315569 -11.918903 128.509811
-21.685402 -11.918903 128.509811
-20.055235 -11.918903 128.509811
-18.455208 -11.938400 128.720032
-16.822374 -11.938400 128.720032
-15.189540 -11.938400 128.720032
-13.556706 -11.938400 128.720032
-11.865643 -11.880099 128.091431
-10.240783 -11.880099 128.091431
-8.644065 -11.918903 128.509811
-7.013898 -11.918903 128.509811
-5.383731 -11.918903 128.509811
-3.753564 -11.918903 128.509811
-2.123397 -11.918903 128.509811
-0.493230 -11.918903 128.509811
1.135083 -11.899469 128.300278
2.771630 -11.938400 128.720032
4.507697 -12.218215 131.736984
6.209990 -12.279890 132.401978
7.902827 -12.300587 132.625122
9.552996 -12.259262 132.179565
11.229714 -12.259262 132.179565
12.820292 -12.177441 131.297363
14.063435 -11.822366 127.468933
15.455075 -11.652481 125.637245
16.940611 -11.578534 124.839943
18.206493 -11.379936 122.698662
21.253119 -11.344558 122.317207
23.688469 -11.784186 127.057289
25.017443 -11.652481 125.637245
26.611172 -11.652481 125.637245
28.295254 -11.689810 126.039719
30.135435 -11.784186 127.057289
31.492922 -11.689810 126.039719
33.038834 -11.671116 125.838158
34.802078 -11.727379 126.444786
-31.517878 -10.305567 128.720032
-29.885044 -10.305567 128.720032
-28.252209 -10.305567 128.720032
-26.619375 -10.305567 128.720032
-24.986542 -10.305567 128.720032
-23.315569 -10.288736 128.509811
-21.685402 -10.288736 128.509811
-20.055235 -10.288736 128.509811
-18.425068 -10.288736 128.509811
-16.822374 -10.305567 128.720032
-15.189540 -10.305567 128.720032
-13.534567 -10.288736 128.509811
-11.865643 -10.255239 128.091431
-10.257481 -10.271960 128.300278
-8.658205 -10.305567 128.720032
-7.013898 -10.288736 128.509811
-5.383731 -10.288736 128.509811
-3.753564 -10.288736 128.509811
-2.126871 -10.305567 128.720032
-0.492426 -10.271960 128.300278
1.135083 -10.271960 128.300278
2.767104 -10.288736 128.509811
4.397271 -10.288736 128.509811
6.037298 -10.305567 128.720032
7.863069 -10.564797 131.957901
9.569070 -10.600350 132.401978
11.229714 -10.582544 132.179565
12.906433 -10.582544 132.179565
14.413669 -10.459556 130.643402
16.151346 -10.511913 131.297363
17.846653 -10.529482 131.516815
19.613306 -10.582544 132.179565
22.365635 -10.305567 128.720032
23.726780 -10.188897 127.262779
25.057451 -10.074839 125.838158
26.696421 -10.090977 126.039719
28.340649 -10.107165 126.241928
30.331337 -10.238573 127.883255
31.442558 -10.074839 125.838158
32.986084 -10.058753 125.637245
35.027218 -10.188897 127.262779
-31.569519 -8.686943 128.930939
-29.885044 -8.672733 128.720032
-28.252209 -8.672733 128.720032
-26.619375 -8.672733 128.720032
-24.986542 -8.672733 128.720032
-23.353708 -8.672733 128.720032
-21.720875 -8.672733 128.720032
-20.088041 -8.672733 128.720032
-18.425068 -8.658569 128.509811
-16.822374 -8.672733 128.720032
-15.189540 -8.672733 128.720032
-13.512499 -8.644452 128.300278
-11.865643 -8.630380 128.091431
-10.274232 -8.658569 128.509811
-8.658205 -8.672733 128.720032
-7.025372 -8.672733 128.720032
-5.383731 -8.658569 128.509811
-3.753564 -8.658569 128.509811
-2.123397 -8.658569 128.509811
-0.492426 -8.644452 128.300278
1.135083 -8.644452 128.300278
2.762592 -8.644452 128.300278
4.397271 -8.658569 128.509811
6.027438 -8.658569 128.509811
7.632674 -8.630380 128.091431
9.272629 -8.644452 128.300278
10.935799 -8.672733 128.720032
12.714219 -8.773192 130.211029
14.583151 -8.905826 132.179565
16.287228 -8.920811 132.401978
17.997049 -8.935846 132.625122
19.646309 -8.920811 132.401978
21.147930 -8.846386 131.297363
22.329107 -8.658569 128.509811
23.803776 -8.602374 127.675758
25.382179 -8.588439 127.468933
26.955477 -8.574549 127.262779
28.569824 -8.574549 127.262779
30.038429 -8.533147 126.648300
31.442558 -8.478562 125.838158
33.198105 -8.519435 126.444786
35.197994 -8.616354 127.883255
-31.569519 -7.051434 128.930939
-29.885044 -7.039899 128.720032
-28.252209 -7.039899 128.720032
-26.619375 -7.039899 128.720032
-24.986542 -7.039899 128.720032
-23.353708 -7.039899 128.720032
-21.720875 -7.039899 128.720032
-20.088041 -7.039899 128.720032
-18.455208 -7.039899 128.720032
-16.822374 -7.039899 128.720032
-15.189540 -7.039899 128.720032
-13.512499 -7.016943 128.300278
-11.884990 -7.016943 128.300278
-10.291039 -7.039899 128.720032
-8.658205 -7.039899 128.720032
-7.025372 -7.039899 128.720032
-5.392538 -7.039899 128.720032
-3.753564 -7.028402 128.509811
-2.119935 -7.016943 128.300278
-0.492426 -7.016943 128.300278
1.136937 -7.028402 128.509811
2.767104 -7.028402 128.509811
4.397271 -7.028402 128.509811
6.017610 -7.016943 128.300278
7.632674 -7.005520 128.091431
9.272629 -7.016943 128.300278
10.900137 -7.016943 128.300278
12.527646 -7.016943 128.300278
14.155155 -7.016943 128.300278
15.834300 -7.039899 128.720032
17.906509 -7.216984 131.957901
19.613306 -7.229107 132.179565
21.290026 -7.229107 132.179565
22.813457 -7.180858 131.297363
24.236345 -7.109680 129.995926
25.885363 -7.109680 129.995926
27.443707 -7.086267 129.567825
28.616106 -6.971475 127.468933
29.894087 -6.893309 126.039719
31.442558 -6.882286 125.838158
33.412868 -6.960200 127.262779
35.255291 -7.005520 128.091431
-31.569519 -5.415925 128.930939
-29.885044 -5.407066 128.720032
-28.252209 -5.407066 128.720032
-26.619375 -5.407066 128.720032
-24.986542 -5.407066 128.720032
-23.353708 -5.407066 128.720032
-21.720875 -5.407066 128.720032
-20.088041 -5.407066 128.720032
-18.425068 -5.398235 128.509811
-16.794901 -5.398235 128.509811
-15.189540 -5.407066 128.720032
-13.512499 -5.389433 128.300278
-11.904399 -5.398235 128.509811
-10.291039 -5.407066 128.720032
-8.644065 -5.398235 128.509811
-7.013898 -5.398235 128.509811
-5.383731 -5.398235 128.509811
-3.753564 -5.398235 128.509811
-2.123397 -5.398235 128.509811
-0.493230 -5.398235 128.509811
1.135083 -5.389433 128.300278
2.762592 -5.389433 128.300278
4.397271 -5.398235 128.509811
6.017610 -5.389433 128.300278
7.645119 -5.389433 128.300278
9.257534 -5.380661 128.091431
10.900137 -5.389433 128.300278
12.507254 -5.380661 128.091431
14.132113 -5.380661 128.091431
15.782664 -5.389433 128.300278
17.381832 -5.380661 128.091431
19.006693 -5.380661 128.091431
20.732801 -5.407066 128.720032
22.699829 -5.487860 130.643402
24.643461 -5.552389 132.179565
26.320181 -5.552389 132.179565
27.996899 -5.552389 132.179565
28.709118 -5.371916 127.883255
29.846281 -5.286009 125.838158
31.392355 -5.277569 125.637245
33.144844 -5.302969 126.241928
35.140884 -5.363200 127.675758
-29.885044 -3.774232 128.720032
-28.252209 -3.774232 128.720032
-26.619375 -3.774232 128.720032
-24.986542 -3.774232 128.720032
-23.353708 -3.774232 128.720032
-21.720875 -3.774232 128.720032
-20.088041 -3.774232 128.720032
-18.455208 -3.774232 128.720032
-16.822374 -3.774232 128.720032
-15.164734 -3.768068 128.509811
-13.512499 -3.761925 128.300278
-11.904399 -3.768068 128.509811
-10.274232 -3.768068 128.509811
-8.658205 -3.774232 128.720032
-7.025372 -3.774232 128.720032
-5.392538 -3.774232 128.720032
-3.753564 -3.768068 128.509811
-2.126871 -3.774232 128.720032
-0.493230 -3.768068 128.509811
1.135083 -3.761925 128.300278
2.762592 -3.761925 128.300278
4.390101 -3.761925 128.300278
6.017610 -3.761925 128.300278
7.632674 -3.755801 128.091431
9.257534 -3.755801 128.091431
10.900137 -3.761925 128.300278
12.527646 -3.761925 128.300278
14.132113 -3.755801 128.091431
15.782664 -3.761925 128.300278
17.410173 -3.761925 128.300278
19.037683 -3.761925 128.300278
20.631552 -3.755801 128.091431
22.292702 -3.761925 128.300278
23.998468 -3.774232 128.720032
26.188210 -3.856237 131.516815
27.996899 -3.875670 132.179565
29.183401 -3.811643 129.995926
30.479942 -3.768068 128.509811
32.005569 -3.755801 128.091431
33.198105 -3.707519 126.444786
35.083958 -3.737549 127.468933
-29.885044 -2.141398 128.720032
-28.252209 -2.141398 128.720032
-26.619375 -2.141398 128.720032
-24.986542 -2.141398 128.720032
-23.353708 -2.141398 128.720032
-21.720875 -2.141398 128.720032
-20.088041 -2.141398 128.720032
-18.455208 -2.141398 128.720032
-16.822374 -2.141398 128.720032
-15.164734 -2.137901 128.509811
-13.534567 -2.137901 128.509811
-11.923873 -2.141398 128.720032
-10.291039 -2.141398 128.720032
-8.658205 -2.141398 128.720032
-7.025372 -2.141398 128.720032
-5.392538 -2.141398 128.720032
-3.753564 -2.137901 128.509811
-2.123397 -2.137901 128.509811
-0.493230 -2.137901 128.509811
1.136937 -2.137901 128.509811
2.767104 -2.137901 128.509811
4.397271 -2.137901 128.509811
6.017610 -2.134415 128.300278
7.632674 -2.130941 128.091431
9.257534 -2.130941 128.091431
10.900137 -2.134415 128.300278
12.527646 -2.134415 128.300278
14.155155 -2.134415 128.300278
15.782664 -2.134415 128.300278
17.381832 -2.130941 128.091431
19.006693 -2.130941 128.091431
20.631552 -2.130941 128.091431
22.292702 -2.134415 128.300278
23.881271 -2.130941 128.091431
25.382179 -2.120585 127.468933
26.955477 -2.117156 127.262779
28.340649 -2.100173 126.241928
30.380711 -2.130941 128.091431
32.971668 -2.195264 131.957901
34.529766 -2.187926 131.516815
35.603024 -2.151959 129.354828
-29.885044 -0.508565 128.720032
-28.252209 -0.508565 128.720032
-26.619375 -0.508565 128.720032
-24.986542 -0.508565 128.720032
-23.353708 -0.508565 128.720032
-21.720875 -0.508565 128.720032
-20.088041 -0.508565 128.720032
-18.455208 -0.508565 128.720032
-16.822374 -0.508565 128.720032
-15.140008 -0.506906 128.300278
-13.556706 -0.508565 128.720032
-11.923873 -0.508565 128.720032
-10.291039 -0.508565 128.720032
-8.658205 -0.508565 128.720032
-7.025372 -0.508565 128.720032
-5.383731 -0.507734 128.509811
-3.747444 -0.506906 128.300278
-2.123397 -0.507734 128.509811
-0.493230 -0.507734 128.509811
1.135083 -0.506906 128.300278
2.762592 -0.506906 128.300278
4.390101 -0.506906 128.300278
6.007814 -0.506081 128.091431
7.632674 -0.506081 128.091431
9.272629 -0.506906 128.300278
10.900137 -0.506906 128.300278
12.527646 -0.506906 128.300278
14.155155 -0.506906 128.300278
15.756973 -0.506081 128.091431
17.410173 -0.506906 128.300278
18.975803 -0.505259 127.883255
20.631552 -0.506081 128.091431
22.256413 -0.506081 128.091431
23.881271 -0.506081 128.091431
25.218769 -0.500379 126.648300
26.696421 -0.497975 126.039719
28.250004 -0.497179 125.838158
29.846281 -0.497179 125.838158
31.901711 -0.504439 127.675758
33.850845 -0.509398 128.930939
36.137676 -0.518748 131.297363
37.993389 -0.521357 131.957901
-31.569519 1.126111 128.930939
-29.885044 1.124269 128.720032
-28.298500 1.126111 128.930939
-26.662991 1.126111 128.930939
-25.027483 1.126111 128.930939
-23.353708 1.124269 128.720032
-21.720875 1.124269 128.720032
-20.088041 1.124269 128.720032
-18.455208 1.124269 128.720032
-16.794901 1.122433 128.509811
-15.140008 1.120603 128.300278
-13.556706 1.124269 128.720032
-11.923873 1.124269 128.720032
-10.274232 1.122433 128.509811
-8.644065 1.122433 128.509811
-7.025372 1.124269 128.720032
-5.383731 1.122433 128.509811
-3.747444 1.120603 128.300278
-2.119935 1.120603 128.300278
-0.492426 1.120603 128.300278
1.135083 1.120603 128.300278
2.762592 1.120603 128.300278
4.390101 1.120603 128.300278
6.027438 1.122433 128.509811
7.645119 1.120603 128.300278
9.257534 1.118779 128.091431
10.882394 1.118779 128.091431
12.507254 1.118779 128.091431
14.132113 1.118779 128.091431
15.756973 1.118779 128.091431
17.410173 1.120603 128.300278
19.037683 1.120603 128.300278
20.665192 1.120603 128.300278
22.256413 1.118779 128.091431
23.881271 1.118779 128.091431
25.341127 1.111541 127.262779
26.653728 1.099098 125.838158
28.250004 1.099098 125.838158
29.894087 1.100859 126.039719
31.850033 1.113342 127.468933
33.630432 1.118779 128.091431
35.255291 1.118779 128.091431
36.880150 1.118779 128.091431
-29.934010 2.761620 128.930939
-28.252209 2.757102 128.720032
-26.662991 2.761620 128.930939
-25.027483 2.761620 128.930939
-23.353708 2.757102 128.720032
-21.720875 2.757102 128.720032
-20.120955 2.761620 128.930939
-18.485447 2.761620 128.930939
-16.794901 2.752600 128.509811
-15.164734 2.752600 128.509811
-13.556706 2.757102 128.720032
-11.923873 2.757102 128.720032
-10.291039 2.757102 128.720032
-8.658205 2.757102 128.720032
-7.025372 2.757102 128.720032
-5.392538 2.757102 128.720032
-3.747444 2.748112 128.300278
-2.119935 2.748112 128.300278
-0.493230 2.752600 128.509811
1.135083 2.748112 128.300278
2.762592 2.748112 128.300278
4.397271 2.752600 128.509811
6.027438 2.752600 128.509811
7.645119 2.748112 128.300278
9.257534 2.743638 128.091431
10.900137 2.748112 128.300278
12.527646 2.748112 128.300278
14.109146 2.739179 127.883255
15.680398 2.730305 127.468933
17.381832 2.743638 128.091431
19.037683 2.748112 128.300278
20.631552 2.743638 128.091431
22.256413 2.743638 128.091431
23.842461 2.739179 127.883255
25.218769 2.712727 126.648300
26.653728 2.695375 125.838158
28.250004 2.695375 125.838158
29.846281 2.695375 125.838158
31.492922 2.699692 126.039719
33.466995 2.730305 127.468933
35.255291 2.743638 128.091431
36.820213 2.739179 127.883255
-29.885044 4.389936 128.720032
-28.252209 4.389936 128.720032
-26.662991 4.397129 128.930939
-25.068558 4.404346 129.142532
-23.391973 4.397129 128.930939
-21.720875 4.389936 128.720032
-20.088041 4.389936 128.720032
-18.455208 4.389936 128.720032
-16.794901 4.382767 128.509811
-15.189540 4.389936 128.720032
-13.556706 4.389936 128.720032
-11.923873 4.389936 128.720032
-10.291039 4.389936 128.720032
-8.658205 4.389936 128.720032
-7.025372 4.389936 128.720032
-5.383731 4.382767 128.509811
-3.753564 4.382767 128.509811
-2.123397 4.382767 128.509811
-0.492426 4.375621 128.300278
1.136937 4.382767 128.509811
2.762592 4.375621 128.300278
4.390101 4.375621 128.300278
6.017610 4.375621 128.300278
7.645119 4.375621 128.300278
9.272629 4.375621 128.300278
10.882394 4.368498 128.091431
12.527646 4.375621 128.300278
14.155155 4.375621 128.300278
15.731365 4.361399 127.883255
17.410173 4.375621 128.300278
19.037683 4.375621 128.300278
20.631552 4.368498 128.091431
22.292702 4.375621 128.300278
23.803776 4.354322 127.675758
25.178246 4.312340 126.444786
26.653728 4.291651 125.838158
28.250004 4.291651 125.838158
29.846281 4.291651 125.838158
31.442558 4.291651 125.838158
33.091755 4.298526 126.039719
35.140884 4.354322 127.675758
-31.673311 6.052472 129.354828
-29.885044 6.022770 128.720032
-28.252209 6.022770 128.720032
-26.662991 6.032638 128.930939
-25.068558 6.042539 129.142532
-23.391973 6.032638 128.930939
-21.756464 6.032638 128.930939
-20.120955 6.032638 128.930939
-18.455208 6.022770 128.720032
-16.794901 6.012934 128.509811
-15.189540 6.022770 128.720032
-13.556706 6.022770 128.720032
-11.923873 6.022770 128.720032
-10.291039 6.022770 128.720032
-8.644065 6.012934 128.509811
-7.013898 6.012934 128.509811
-5.392538 6.022770 128.720032
-3.759704 6.022770 128.720032
-2.123397 6.012934 128.509811
-0.492426 6.003130 128.300278
1.136937 6.012934 128.509811
2.758095 5.993358 128.091431
4.382955 5.993358 128.091431
6.017610 6.003130 128.300278
7.645119 6.003130 128.300278
9.257534 5.993358 128.091431
10.882394 5.993358 128.091431
12.548106 6.012934 128.509811
14.132113 5.993358 128.091431
15.756973 5.993358 128.091431
17.381832 5.993358 128.091431
19.037683 6.003130 128.300278
20.665192 6.003130 128.300278
22.292702 6.003130 128.300278
23.842461 5.983618 127.883255
25.218769 5.925834 126.648300
26.696421 5.897359 126.039719
28.295254 5.897359 126.039719
29.846281 5.887928 125.838158
31.392355 5.878527 125.637245
32.986084 5.878527 125.637245
35.140884 5.973909 127.675758
-29.934010 7.668147 128.930939
-28.298500 7.668147 128.930939
-26.662991 7.668147 128.930939
-24.986542 7.655603 128.720032
-23.391973 7.668147 128.930939
-21.720875 7.655603 128.720032
-20.120955 7.668147 128.930939
-18.425068 7.643101 128.509811
-16.822374 7.655603 128.720032
-15.189540 7.655603 128.720032
-13.556706 7.655603 128.720032
-11.923873 7.655603 128.720032
-10.291039 7.655603 128.720032
-8.658205 7.655603 128.720032
-7.013898 7.643101 128.509811
-5.392538 7.655603 128.720032
-3.753564 7.643101 128.509811
-2.119935 7.630639 128.300278
-0.493230 7.643101 128.509811
1.136937 7.643101 128.509811
2.762592 7.630639 128.300278
4.390101 7.630639 128.300278
6.027438 7.643101 128.509811
7.645119 7.630639 128.300278
9.257534 7.618217 128.091431
10.882394 7.618217 128.091431
12.527646 7.630639 128.300278
14.155155 7.630639 128.300278
15.756973 7.618217 128.091431
17.410173 7.630639 128.300278
19.037683 7.630639 128.300278
20.665192 7.630639 128.300278
22.292702 7.630639 128.300278
23.803776 7.593496 127.675758
25.137852 7.508219 126.241928
26.739250 7.508219 126.241928
28.569824 7.568934 127.262779
30.135435 7.556713 127.057289
31.392355 7.472255 125.637245
33.198105 7.520284 126.444786
35.312775 7.630639 128.300278
-29.983137 9.318925 129.142532
-28.298500 9.303657 128.930939
-26.662991 9.303657 128.930939
-25.027483 9.303657 128.930939
-23.391973 9.303657 128.930939
-21.756464 9.303657 128.930939
-20.088041 9.288437 128.720032
-18.455208 9.288437 128.720032
-16.822374 9.288437 128.720032
-15.189540 9.288437 128.720032
-13.556706 9.288437 128.720032
-11.923873 9.288437 128.720032
-10.291039 9.288437 128.720032
-8.658205 9.288437 128.720032
-7.025372 9.288437 128.720032
-5.392538 9.288437 128.720032
-3.753564 9.273268 128.509811
-2.119935 9.258148 128.300278
-0.493230 9.273268 128.509811
1.136937 9.273268 128.509811
2.762592 9.258148 128.300278
4.390101 9.258148 128.300278
6.017610 9.258148 128.300278
7.657605 9.273268 128.509811
9.272629 9.258148 128.300278
10.900137 9.258148 128.300278
12.527646 9.258148 128.300278
14.155155 9.258148 128.300278
15.756973 9.243077 128.091431
17.381832 9.243077 128.091431
19.006693 9.243077 128.091431
20.665192 9.258148 128.300278
22.256413 9.243077 128.091431
23.726780 9.183282 127.262779
25.097588 9.095026 126.039719
27.042950 9.213083 127.675758
28.802736 9.258148 128.300278
30.184174 9.183282 127.262779
31.442558 9.080482 125.838158
33.198105 9.124256 126.444786
35.312775 9.258148 128.300278
-30.032425 10.975131 129.354828
-28.298500 10.939165 128.930939
-26.662991 10.939165 128.930939
-25.027483 10.939165 128.930939
-23.391973 10.939165 128.930939
-21.756464 10.939165 128.930939
-20.088041 10.921271 128.720032
-18.455208 10.921271 128.720032
-16.822374 10.921271 128.720032
-15.189540 10.921271 128.720032
-13.556706 10.921271 128.720032
-11.923873 10.921271 128.720032
-10.291039 10.921271 128.720032
-8.644065 10.903435 128.509811
-7.013898 10.903435 128.509811
-5.392538 10.921271 128.720032
-3.759704 10.921271 128.720032
-2.123397 10.903435 128.509811
-0.492426 10.885657 128.300278
1.136937 10.903435 128.509811
2.767104 10.903435 128.509811
4.397271 10.903435 128.509811
6.017610 10.885657 128.300278
7.645119 10.885657 128.300278
9.272629 10.885657 128.300278
10.882394 10.867937 128.091431
12.507254 10.867937 128.091431
14.155155 10.885657 128.300278
15.782664 10.885657 128.300278
17.381832 10.867937 128.091431
19.006693 10.867937 128.091431
20.631552 10.867937 128.091431
21.935055 10.711017 126.241928
23.498753 10.693860 126.039719
25.057451 10.676759 125.838158
27.042950 10.832670 127.675758
28.662537 10.832670 127.675758
29.846281 10.676759 125.838158
31.392355 10.659712 125.637245
33.198105 10.728228 126.444786
34.858089 10.745495 126.648300
37.061138 10.921271 128.720032
-30.032425 12.616017 129.354828
-28.298500 12.574675 128.930939
-26.662991 12.574675 128.930939
-25.027483 12.574675 128.930939
-23.391973 12.574675 128.930939
-21.756464 12.574675 128.930939
-20.088041 12.554105 128.720032
-18.455208 12.554105 128.720032
-16.822374 12.554105 128.720032
-15.189540 12.554105 128.720032
-13.556706 12.554105 128.720032
-11.923873 12.554105 128.720032
-10.291039 12.554105 128.720032
-8.644065 12.533602 128.509811
-7.013898 12.533602 128.509811
-5.392538 12.554105 128.720032
-3.753564 12.533602 128.509811
-2.119935 12.513166 128.300278
-0.492426 12.513166 128.300278
1.136937 12.533602 128.509811
2.767104 12.533602 128.509811
4.397271 12.533602 128.509811
6.017610 12.513166 128.300278
7.657605 12.533602 128.509811
9.272629 12.513166 128.300278
10.900137 12.513166 128.300278
12.527646 12.513166 128.300278
14.178273 12.533602 128.509811
15.756973 12.492797 128.091431
17.381832 12.492797 128.091431
19.006693 12.492797 128.091431
20.564602 12.452257 127.675758
21.970303 12.332200 126.444786
23.461174 12.273035 125.838158
25.097588 12.292693 126.039719
26.825323 12.352048 126.648300
28.340649 12.312415 126.241928
29.798628 12.253439 125.637245
31.442558 12.273035 125.838158
33.038834 12.273035 125.838158
34.635113 12.273035 125.838158
36.940281 12.513166 128.300278
-31.777790 14.303931 129.781525
-30.081877 14.280378 129.567825
-28.344944 14.233505 129.142532
-26.662991 14.210183 128.930939
-25.027483 14.210183 128.930939
-23.391973 14.210183 128.930939
-21.720875 14.186938 128.720032
-20.088041 14.186938 128.720032
-18.455208 14.186938 128.720032
-16.822374 14.186938 128.720032
-15.189540 14.186938 128.720032
-13.556706 14.186938 128.720032
-11.923873 14.186938 128.720032
-10.291039 14.186938 128.720032
-8.658205 14.186938 128.720032
-7.025372 14.186938 128.720032
-5.392538 14.186938 128.720032
-3.759704 14.186938 128.720032
-2.123397 14.163769 128.509811
-0.493230 14.163769 128.509811
1.138797 14.186938 128.720032
2.771630 14.186938 128.720032
4.390101 14.140676 128.300278
6.017610 14.140676 128.300278
7.657605 14.163769 128.509811
9.272629 14.140676 128.300278
10.900137 14.140676 128.300278
12.527646 14.140676 128.300278
14.178273 14.163769 128.509811
15.782664 14.140676 128.300278
17.410173 14.140676 128.300278
19.006693 14.117657 128.091431
20.631552 14.117657 128.091431
21.970303 13.936172 126.444786
23.498753 13.891527 126.039719
25.259424 13.981104 126.852463
27.042950 14.071844 127.675758
28.295254 13.891527 126.039719
29.798628 13.847167 125.637245
31.442558 13.869311 125.838158
32.933502 13.825094 125.436966
34.746243 13.913814 126.241928
36.347641 13.913814 126.241928
-32.042027 16.082857 130.860672
-30.081877 15.923966 129.567825
-28.298500 15.845693 128.930939
-26.706751 15.871698 129.142532
-25.027483 15.845693 128.930939
-23.430365 15.871698 129.142532
-21.720875 15.819772 128.720032
-20.088041 15.819772 128.720032
-18.455208 15.819772 128.720032
-16.849937 15.845693 128.930939
-15.189540 15.819772 128.720032
-13.556706 15.819772 128.720032
-11.923873 15.819772 128.720032
-10.291039 15.819772 128.720032
-8.658205 15.819772 128.720032
-7.025372 15.819772 128.720032
-5.392538 15.819772 128.720032
-3.759704 15.819772 128.720032
-2.126871 15.819772 128.720032
-0.493230 15.793936 128.509811
1.136937 15.793936 128.509811
2.771630 15.819772 128.720032
4.397271 15.793936 128.509811
6.027438 15.793936 128.509811
7.657605 15.793936 128.509811
9.287772 15.793936 128.509811
10.882394 15.742517 128.091431
12.527646 15.768185 128.300278
14.155155 15.768185 128.300278
15.782664 15.768185 128.300278
17.410173 15.768185 128.300278
19.037683 15.768185 128.300278
20.564602 15.691431 127.675758
21.935055 15.515212 126.241928
23.574274 15.540143 126.444786
25.547720 15.768185 128.300278
27.042950 15.691431 127.675758
28.295254 15.490360 126.039719
29.798628 15.440895 125.637245
31.392355 15.440895 125.637245
32.933502 15.416282 125.436966
34.690590 15.490360 126.039719
36.347641 15.515212 126.241928
-33.783695 18.707272 137.973694
-31.699978 18.512512 136.537262
-29.158468 18.012440 132.849045
-26.794701 17.567554 129.567825
-25.109766 17.538675 129.354828
-23.391973 17.481201 128.930939
-21.720875 17.452606 128.720032
-20.120955 17.481201 128.930939
-18.455208 17.452606 128.720032
-16.822374 17.452606 128.720032
-15.189540 17.452606 128.720032
-13.556706 17.452606 128.720032
-11.943410 17.481201 128.930939
-10.291039 17.452606 128.720032
-8.658205 17.452606 128.720032
-7.025372 17.452606 128.720032
-5.392538 17.452606 128.720032
-3.759704 17.452606 128.720032
-2.126871 17.452606 128.720032
-0.493230 17.424103 128.509811
1.136937 17.424103 128.509811
2.767104 17.424103 128.509811
4.397271 17.424103 128.509811
6.027438 17.424103 128.509811
7.657605 17.424103 128.509811
9.272629 17.395693 128.300278
10.900137 17.395693 128.300278
12.507254 17.367376 128.091431
14.155155 17.395693 128.300278
15.782664 17.395693 128.300278
17.381832 17.367376 128.091431
19.037683 17.395693 128.300278
20.531288 17.282976 127.468933
21.935055 17.116611 126.241928
23.765215 17.282976 127.468933
25.423363 17.311018 127.675758
26.696421 17.089193 126.039719
28.204899 17.034624 125.637245
29.846281 17.061865 125.838158
31.392355 17.034624 125.637245
33.038834 17.061865 125.838158
34.635113 17.061865 125.838158
36.347641 17.116611 126.241928
-32.148952 19.467583 131.297363
-31.535818 20.139671 135.830200
-29.812792 20.139671 135.830200
-28.138336 20.174496 136.065079
-26.230900 20.035915 135.130432
-23.468880 19.179562 129.354828
-21.720875 19.085440 128.720032
-20.120955 19.116711 128.930939
-18.485447 19.116711 128.930939
-16.822374 19.085440 128.720032
-15.189540 19.085440 128.720032
-13.556706 19.085440 128.720032
-11.923873 19.085440 128.720032
-10.291039 19.085440 128.720032
-8.658205 19.085440 128.720032
-7.025372 19.085440 128.720032
-5.392538 19.085440 128.720032
-3.759704 19.085440 128.720032
-2.126871 19.085440 128.720032
-0.492426 19.023203 128.300278
1.135083 19.023203 128.300278
2.771630 19.085440 128.720032
4.397271 19.054270 128.509811
6.027438 19.054270 128.509811
7.645119 19.023203 128.300278
9.272629 19.023203 128.300278
10.900137 19.023203 128.300278
12.527646 19.023203 128.300278
14.155155 19.023203 128.300278
15.782664 19.023203 128.300278
17.410173 19.023203 128.300278
19.006693 18.992235 128.091431
20.531288 18.899939 127.468933
22.076727 18.838903 127.057289
23.920210 19.023203 128.300278
25.382179 18.899939 127.468933
26.653728 18.658142 125.838158
28.204899 18.628351 125.637245
29.894087 18.688028 126.039719
31.442558 18.658142 125.838158
33.091755 18.688028 126.039719
34.690590 18.688028 126.039719
36.760471 18.930605 127.675758
-32.095402 21.097908 131.078659
-30.382036 21.062822 130.860672
-28.626835 20.992998 130.426865
-27.334810 21.275106 132.179565
-26.096455 21.638588 134.437820
-24.102837 21.382862 132.849045
-22.455536 21.419024 133.073700
-20.697472 21.346823 132.625122
-18.576759 20.854731 129.567825
-16.822374 20.718273 128.720032
-15.189540 20.718273 128.720032
-13.578919 20.752220 128.930939
-11.923873 20.718273 128.720032
-10.291039 20.718273 128.720032
-8.658205 20.718273 128.720032
-7.025372 20.718273 128.720032
-5.392538 20.718273 128.720032
-3.759704 20.718273 128.720032
-2.126871 20.718273 128.720032
-0.494037 20.718273 128.720032
1.136937 20.684437 128.509811
2.771630 20.718273 128.720032
4.404464 20.718273 128.720032
6.027438 20.684437 128.509811
7.657605 20.684437 128.509811
9.272629 20.650711 128.300278
10.917939 20.684437 128.509811
12.548106 20.684437 128.509811
14.178273 20.684437 128.509811
15.808440 20.684437 128.509811
17.410173 20.650711 128.300278
19.006693 20.617096 128.091431
20.498083 20.483721 127.262779
22.148252 20.516903 127.468933
23.920210 20.650711 128.300278
25.423363 20.550192 127.675758
26.653728 20.254419 125.838158
28.250004 20.254419 125.838158
29.894087 20.286861 126.039719
31.492922 20.286861 126.039719
33.144844 20.319408 126.241928
34.746243 20.319408 126.241928
36.760471 20.550192 127.675758
-32.256599 22.874975 131.736984
-30.382036 22.722809 130.860672
-28.344944 22.424471 129.142532
-26.750652 22.461334 129.354828
-25.068558 22.424471 129.142532
-23.391973 22.387730 128.930939
-22.531746 23.185505 133.525330
-21.197655 23.585726 135.830200
-19.474627 23.585726 135.830200
-17.782295 23.626509 136.065079
-15.597781 22.951826 132.179565
-13.623564 22.461334 129.354828
-11.923873 22.351107 128.720032
-10.291039 22.351107 128.720032
-8.658205 22.351107 128.720032
-7.025372 22.351107 128.720032
-5.392538 22.351107 128.720032
-3.759704 22.351107 128.720032
-2.126871 22.351107 128.720032
-0.494037 22.351107 128.720032
1.136937 22.314604 128.509811
2.771630 22.351107 128.720032
4.404464 22.351107 128.720032
6.017610 22.278221 128.300278
7.657605 22.314604 128.509811
9.287772 22.314604 128.509811
10.917939 22.314604 128.509811
12.527646 22.278221 128.300278
14.178273 22.314604 128.509811
15.808440 22.314604 128.509811
17.410173 22.278221 128.300278
18.883736 22.098068 127.262779
20.366329 21.956032 126.444786
22.256413 22.241955 128.091431
23.881271 22.241955 128.091431
25.218769 21.991369 126.648300
26.611172 21.815807 125.637245
28.295254 21.885695 126.039719
29.894087 21.885695 126.039719
31.543446 21.920807 126.241928
33.198105 21.956032 126.444786
34.970661 22.062387 127.057289
36.641567 22.098068 127.262779
-32.148952 24.464167 131.297363
-30.231211 24.261755 130.211029
-28.391539 24.102221 129.354828
-26.706751 24.062664 129.142532
-24.986542 23.983940 128.720032
-23.353708 23.983940 128.720032
-21.863935 24.141907 129.567825
-20.524508 24.505054 131.516815
-18.919437 24.587242 131.957901
-17.690527 25.221680 135.362885
-16.056288 25.352516 136.065079
-14.305545 25.308754 135.830200
-12.539228 25.221680 135.362885
-10.358820 24.141907 129.567825
-8.658205 23.983940 128.720032
-7.025372 23.983940 128.720032
-5.392538 23.983940 128.720032
-3.759704 23.983940 128.720032
-2.126871 23.983940 128.720032
-0.494037 23.983940 128.720032
1.136937 23.944771 128.509811
2.771630 23.983940 128.720032
4.404464 23.983940 128.720032
6.037298 23.983940 128.720032
7.657605 23.944771 128.509811
9.287772 23.944771 128.509811
10.917939 23.944771 128.509811
12.548106 23.944771 128.509811
14.155155 23.905729 128.300278
15.808440 23.944771 128.509811
17.410173 23.905729 128.300278
18.792555 23.597921 126.648300
20.301086 23.484528 126.039719
22.148252 23.750828 127.468933
23.920210 23.905729 128.300278
25.218769 23.597921 126.648300
26.611172 23.409536 125.637245
28.340649 23.522205 126.241928
29.894087 23.484528 126.039719
31.594133 23.560003 126.444786
33.198105 23.560003 126.444786
35.140884 23.789366 127.675758
36.523426 23.635963 126.852463
-31.988827 25.999548 130.643402
-30.131491 25.828024 129.781525
-28.485191 25.828024 129.781525
-26.750652 25.743107 129.354828
-25.027483 25.658747 128.930939
-23.391973 25.658747 128.930939
-21.756464 25.658747 128.930939
-20.153978 25.700857 129.142532
-18.546223 25.743107 129.354828
-16.877590 25.700857 129.142532
-15.314801 25.828024 129.781525
-14.183132 26.800470 134.667908
-12.582518 27.031780 135.830200
-10.878268 27.078524 136.065079
-9.120719 26.985199 135.596146
-7.214189 26.305262 132.179565
-5.428055 25.785496 129.567825
-3.759704 25.616774 128.720032
-2.126871 25.616774 128.720032
-0.493230 25.574938 128.509811
1.138797 25.616774 128.720032
2.771630 25.616774 128.720032
4.404464 25.616774 128.720032
6.027438 25.574938 128.509811
7.657605 25.574938 128.509811
9.287772 25.574938 128.509811
10.917939 25.574938 128.509811
12.548106 25.574938 128.509811
14.178273 25.574938 128.509811
15.782664 25.533239 128.300278
17.381832 25.491674 128.091431
18.914326 25.367792 127.468933
20.598022 25.450247 127.883255
22.220242 25.450247 127.883255
23.803776 25.408953 127.675758
25.137852 25.123604 126.241928
26.653728 25.043249 125.838158
28.295254 25.083363 126.039719
29.942047 25.123604 126.241928
31.594133 25.163975 126.444786
33.251537 25.204475 126.648300
35.140884 25.408953 127.675758
37.000610 25.574938 128.509811
-30.181269 27.519711 129.995926
-28.344944 27.339050 129.142532
-26.706751 27.339050 129.142532
-25.027483 27.294256 128.930939
-23.391973 27.294256 128.930939
-21.792171 27.339050 129.142532
-20.153978 27.339050 129.142532
-18.485447 27.294256 128.930939
-16.822374 27.249607 128.720032
-15.189540 27.249607 128.720032
-13.556706 27.249607 128.720032
-11.923873 27.249607 128.720032
-10.341791 27.383993 129.354828
-9.136463 28.754808 135.830200
-7.426255 28.804529 136.065079
-5.700248 28.804529 136.065079
-3.926712 28.460047 134.437820
-2.151507 27.565248 130.211029
-0.494037 27.249607 128.720032
1.138797 27.249607 128.720032
2.771630 27.249607 128.720032
4.404464 27.249607 128.720032
6.027438 27.205105 128.509811
7.657605 27.205105 128.509811
9.302965 27.249607 128.720032
10.917939 27.205105 128.509811
12.548106 27.205105 128.509811
14.178273 27.205105 128.509811
15.808440 27.205105 128.509811
17.353584 27.072466 127.883255
18.945015 27.028540 127.675758
20.698940 27.205105 128.509811
22.256413 27.116535 128.091431
23.612217 26.811029 126.648300
25.097588 26.682196 126.039719
26.955477 26.941113 127.262779
28.340649 26.725002 126.241928
30.038429 26.811029 126.648300
32.057755 27.160748 128.300278
33.906399 27.339050 129.142532
36.077480 27.748920 131.078659
38.185497 28.076305 132.625122
-32.202686 29.509989 131.516815
-30.483425 29.460749 131.297363
-28.722050 29.362761 130.860672
-26.706751 28.977243 129.142532
-24.986542 28.882441 128.720032
-23.353708 28.882441 128.720032
-21.827995 29.024879 129.354828
-20.153978 28.977243 129.142532
-18.485447 28.929766 128.930939
-16.822374 28.882441 128.720032
-15.189540 28.882441 128.720032
-13.556706 28.882441 128.720032
-11.923873 28.882441 128.720032
-10.291039 28.882441 128.720032
-8.658205 28.882441 128.720032
-7.025372 28.882441 128.720032
-5.661092 30.320818 135.130432
-3.974241 30.530537 136.065079
-2.244354 30.477835 135.830200
-0.520428 30.425316 135.596146
2.771630 28.882441 128.720032
4.404464 28.882441 128.720032
6.027438 28.835272 128.509811
7.657605 28.835272 128.509811
9.287772 28.835272 128.509811
10.917939 28.835272 128.509811
12.568632 28.882441 128.720032
14.178273 28.835272 128.509811
15.808440 28.835272 128.509811
17.353584 28.694685 127.883255
18.975803 28.694685 127.883255
20.665192 28.788258 128.300278
22.148252 28.601719 127.468933
23.574274 28.371918 126.444786
25.057451 28.235802 125.838158
26.868568 28.463394 126.852463
28.662537 28.648127 127.675758
30.529802 28.882441 128.720032
32.916470 29.559393 131.736984
34.762165 29.708603 132.401978
36.626591 29.859327 133.073700
38.379555 29.909910 133.299133
